CIFAR-10 Model with SAM Results:
Train Losses: [2.1717, 1.9258, 1.7542, 1.5621, 1.3934, 1.2312, 1.0840, 0.9579, 0.8477, 0.7576, 0.6655, 0.5880, 0.5279, 0.4612, 0.4251, 0.4078, 0.3319, 0.2881, 0.3154, 0.2542, 0.2316, 0.1853, 0.1825, 0.1640, 0.1610, 0.1441, 0.1363, 0.1337, 0.1331, 0.1243, 0.1166, 0.1023, 0.0992, 0.0972, 0.0899, 0.1028, 0.0895, 0.0762, 0.0837, 0.0725]
Train Accuracies: [17.46, 28.39, 36.38, 44.20, 50.75, 57.06, 62.93, 67.74, 71.99, 75.30, 78.92, 81.30, 83.86, 85.92, 87.35, 87.89, 90.47, 92.01, 91.23, 93.11, 93.90, 95.29, 95.57, 96.14, 96.19, 96.66, 96.80, 96.92, 96.95, 97.12, 97.34, 97.72, 97.85, 97.94, 98.13, 97.72, 97.97, 98.35, 98.14, 98.41]
Test Losses: [1.9473, 1.7659, 1.5947, 1.4972, 1.2968, 1.1671, 1.1235, 0.9804, 0.9075, 0.9242, 0.9108, 0.8542, 0.8406, 0.9027, 0.8575, 0.8534, 0.8707, 0.8672, 0.8665, 0.8722, 0.8949, 0.9106, 0.9037, 1.0305, 0.9133, 0.9175, 0.9679, 0.8997, 0.9503, 0.9163, 0.9532, 0.9485, 0.9570, 1.0171, 0.9370, 0.9734, 0.9313, 1.0181, 0.9642, 0.9998]
Test Accuracies: [26.71, 32.68, 39.69, 44.84, 54.47, 58.90, 60.42, 66.33, 69.41, 69.59, 70.44, 72.42, 73.17, 72.91, 74.44, 73.66, 73.92, 73.79, 74.73, 74.62, 74.64, 74.49, 74.73, 71.81, 74.67, 75.23, 74.04, 74.64, 73.90, 75.39, 75.06, 74.99, 74.67, 74.66, 75.28, 74.89, 75.52, 75.10, 74.87, 74.39]

CIFAR-10 Model with SAM Optimized Results:
Train Losses: [1.8575, 2.0678, 1.6753, 1.3761, 1.2398, 1.2382, 1.1389, 1.0138, 1.1441, 0.9990, 0.9519, 0.9730, 0.9951, 1.0725, 1.1192, 0.9787, 1.0477, 1.2430, 1.0124, 1.0731, 1.1974, 1.0900, 1.2159, 1.0957, 1.1320, 1.1585, 1.1539, 1.1326, 1.1699, 1.2828, 1.2496, 1.1966, 1.1724, 1.2584, 1.1531, 1.2092, 1.1556, 1.2264, 1.2474, 1.2505]
Train Accuracies: [27.63, 26.40, 34.47, 50.47, 56.44, 57.59, 60.61, 66.54, 63.75, 68.40, 69.73, 69.06, 70.67, 69.17, 70.39, 72.06, 71.14, 70.35, 73.19, 71.96, 72.37, 73.43, 72.02, 73.86, 73.95, 73.45, 74.17, 73.84, 74.00, 72.80, 73.73, 74.69, 73.95, 74.92, 73.55, 74.59, 74.79, 74.38, 74.26, 75.15]
Test Losses: [1.8575, 2.0678, 1.6753, 1.3761, 1.2398, 1.2382, 1.1389, 1.0138, 1.1441, 0.9990, 0.9519, 0.9730, 0.9951, 1.0725, 1.1192, 0.9787, 1.0477, 1.2430, 1.0124, 1.0731, 1.1974, 1.0900, 1.2159, 1.0957, 1.1320, 1.1585, 1.1539, 1.1326, 1.1699, 1.2828, 1.2496, 1.1966, 1.1724, 1.2584, 1.1531, 1.2092, 1.1556, 1.2264, 1.2474, 1.2505]
Test Accuracies: [27.63, 26.40, 34.47, 50.47, 56.44, 57.59, 60.61, 66.54, 63.75, 68.40, 69.73, 69.06, 70.67, 69.17, 70.39, 72.06, 71.14, 70.35, 73.19, 71.96, 72.37, 73.43, 72.02, 73.86, 73.95, 73.45, 74.17, 73.84, 74.00, 72.80, 73.73, 74.69, 73.95, 74.92, 73.55, 74.59, 74.79, 74.38, 74.26, 75.15]

MNIST Model with SAM Results:
Train Losses: [1.0439, 0.1539, 0.1065, 0.0867, 0.0758, 0.0655, 0.0603, 0.0549, 0.0511, 0.0470, 0.0439, 0.0412, 0.0388, 0.0367, 0.0347, 0.0334, 0.0318, 0.0300, 0.0286, 0.0266, 0.0264, 0.0248, 0.0239, 0.0228, 0.0216, 0.0209, 0.0205, 0.0192, 0.0189, 0.0184, 0.0175, 0.0165, 0.0166, 0.0159, 0.0154, 0.0149, 0.0143, 0.0137, 0.0133, 0.0129]
Train Accuracies: [64.85, 95.37, 96.83, 97.44, 97.72, 98.06, 98.18, 98.33, 98.47, 98.55, 98.66, 98.72, 98.76, 98.84, 98.86, 98.91, 98.95, 99.01, 99.04, 99.08, 99.11, 99.15, 99.18, 99.18, 99.22, 99.26, 99.24, 99.30, 99.33, 99.31, 99.36, 99.35, 99.38, 99.38, 99.42, 99.42, 99.44, 99.47, 99.45, 99.48]
Test Losses: [0.1860, 0.0704, 0.0559, 0.0472, 0.0428, 0.0381, 0.0369, 0.0322, 0.0319, 0.0315, 0.0317, 0.0322, 0.0305, 0.0316, 0.0299, 0.0276, 0.0297, 0.0254, 0.0297, 0.0272, 0.0269, 0.0285, 0.0297, 0.0293, 0.0308, 0.0320, 0.0270, 0.0308, 0.0289, 0.0280, 0.0275, 0.0289, 0.0282, 0.0292, 0.0291, 0.0295, 0.0290, 0.0272, 0.0290, 0.0269, 0.0296, 0.0296]
Test Accuracies: [94.20, 97.80, 98.27, 98.44, 98.59, 98.77, 98.68, 98.94, 98.89, 98.88, 98.93, 98.82, 98.95, 98.89, 98.96, 99.14, 98.98, 99.16, 99.04, 99.10, 99.12, 99.07, 99.08, 98.97, 99.02, 98.97, 99.14, 99.09, 99.09, 99.11, 99.15, 99.14, 99.03, 98.99, 99.09, 99.03, 99.09, 99.09, 99.17, 99.10, 99.10]

MNIST Model with SAM Optimized Results:
Train Losses: [0.1451, 0.0700, 0.0500, 0.0398, 0.0322, 0.0270, 0.0228, 0.0196, 0.0169, 0.0147, 0.0128, 0.0114, 0.0101, 0.0090, 0.0080, 0.0073, 0.0064, 0.0059, 0.0053, 0.0049, 0.0044, 0.0040, 0.0037, 0.0034, 0.0031, 0.0028, 0.0026, 0.0023, 0.0021, 0.0021, 0.0018, 0.0017, 0.0015, 0.0013, 0.0012, 0.0011, 0.0011, 0.0010, 0.0009]
Train Accuracies: [95.55, 97.78, 98.47, 98.78, 99.05, 99.18, 99.34, 99.47, 99.53, 99.64, 99.66, 99.73, 99.78, 99.80, 99.85, 99.85, 99.89, 99.89, 99.91, 99.90, 99.93, 99.92, 99.94, 99.94, 99.95, 99.95, 99.96, 99.96, 99.97, 99.98, 99.97, 99.98, 99.98, 99.99, 99.99, 99.99, 99.99, 99.99, 99.99, 99.99, 99.99]
Test Losses: [0.1092, 0.0580, 0.0463, 0.0398, 0.0372, 0.0343, 0.0323, 0.0305, 0.0282, 0.0311, 0.0292, 0.0291, 0.0295, 0.0290, 0.0272, 0.0290, 0.0269, 0.0268, 0.0274, 0.0275, 0.0271, 0.0273, 0.0278, 0.0271, 0.0272, 0.0278, 0.0292, 0.0290, 0.0279, 0.0281, 0.0282, 0.0293, 0.0296, 0.0296]
Test Accuracies: [96.51, 98.04, 98.39, 98.66, 98.68, 98.82, 98.87, 98.99, 98.99, 98.91, 98.98, 98.98, 98.99, 99.03, 99.09, 99.03, 99.09, 99.09, 99.09, 99.06, 99.14, 99.15, 99.09, 99.11, 99.14, 99.09, 99.10, 99.05, 99.10, 99.14, 99.10, 99.11, 99.10]
