Fashion MNIST Model with SAM Results:
Train Losses: [1.3489, 0.5140, 0.4171, 0.3724, 0.3437, 0.3247, 0.3081, 0.2937, 0.2823, 0.2724, 0.2605, 0.2516, 0.2439, 0.2370, 0.2263, 0.2208, 0.2154, 0.2078, 0.2033, 0.1982, 0.1925, 0.1857, 0.1836, 0.1773, 0.1740, 0.1666, 0.1648, 0.1614, 0.1592, 0.1557, 0.1534, 0.1466, 0.1491, 0.1442, 0.1392, 0.1368, 0.1320, 0.1308, 0.1313, 0.1296]
Train Accuracies: [48.45, 80.90, 84.72, 86.24, 87.27, 88.08, 88.68, 89.17, 89.67, 89.81, 90.34, 90.56, 90.90, 91.06, 91.58, 91.80, 91.88, 92.22, 92.43, 92.55, 92.81, 93.15, 93.19, 93.41, 93.62, 94.02, 94.06, 94.14, 94.40, 94.56, 94.60, 94.89, 94.91, 94.91, 94.91, 95.25, 95.38, 95.57, 95.68, 95.69, 95.76]
Test Losses: [0.7180, 0.4438, 0.3772, 0.3392, 0.3158, 0.3053, 0.3016, 0.2904, 0.2819, 0.2858, 0.2760, 0.2800, 0.2731, 0.2770, 0.2720, 0.2771, 0.2759, 0.2841, 0.2914, 0.3093, 0.2944, 0.2992, 0.3159, 0.3243, 0.3238, 0.3423, 0.3568, 0.3607, 0.3663, 0.3737, 0.3777, 0.3930, 0.3919, 0.4158, 0.4119, 0.4219, 0.4389, 0.4360, 0.4512, 0.4379]
Test Accuracies: [71.69, 84.12, 85.80, 87.44, 88.28, 88.76, 88.97, 89.10, 89.63, 89.53, 89.63, 89.81, 89.88, 89.74, 89.94, 90.00, 90.19, 89.71, 89.79, 89.56, 89.85, 90.04, 89.73, 89.69, 89.76, 89.66, 89.56, 89.46, 89.40, 89.15, 89.76, 89.46, 89.21, 89.27, 89.41, 89.76, 89.42, 89.23, 89.45]

Fashion MNIST Model with SAM Optimized Results:
Train Losses: [0.5914, 0.3906, 0.3257, 0.2920, 0.2692, 0.2509, 0.2374, 0.2226, 0.2102, 0.1991, 0.1886, 0.1784, 0.1685, 0.1598, 0.1498, 0.1420, 0.1330, 0.1252, 0.1185, 0.1108, 0.1031, 0.0971, 0.0895, 0.0844, 0.0780, 0.0722, 0.0679, 0.0623, 0.0579, 0.0529, 0.0495, 0.0456, 0.0413, 0.0388, 0.0358, 0.0325, 0.0296, 0.0278, 0.0257, 0.0239]
Train Accuracies: [77.24, 85.61, 88.01, 89.29, 90.00, 90.72, 91.24, 91.76, 92.20, 92.63, 93.08, 93.46, 93.83, 94.08, 94.55, 94.78, 95.20, 95.46, 95.71, 96.05, 96.33, 96.52, 96.88, 97.09, 97.33, 97.56, 97.71, 97.94, 98.04, 98.29, 98.42, 98.56, 98.75, 98.86, 98.97, 99.08, 99.18, 99.28, 99.35, 99.44]
Test Losses: [0.5395, 0.3933, 0.3501, 0.3225, 0.3195, 0.3061, 0.2945, 0.2833, 0.2860, 0.2854, 0.2874, 0.2822, 0.2945, 0.2750, 0.2845, 0.2919, 0.2949, 0.3007, 0.3002, 0.3242, 0.3257, 0.3272, 0.3338, 0.3570, 0.3618, 0.4198, 0.4397, 0.4444, 0.4523, 0.4835, 0.4710, 0.5164, 0.4944, 0.4951, 0.5065, 0.5191]
Test Accuracies: [79.85, 85.57, 86.86, 88.13, 88.29, 88.35, 89.23, 89.87, 89.42, 89.47, 89.68, 89.67, 89.68, 90.36, 89.94, 90.13, 90.01, 90.17, 90.38, 89.96, 89.93, 90.15, 90.14, 89.79, 89.91, 89.95, 89.94, 89.96, 89.84, 89.29, 89.56, 89.84, 89.69, 89.96, 89.29, 89.69, 89.91, 89.91, 89.85, 89.82]

Fashion MNIST Model with SAM Hessian Results:
Train Losses: [0.4891, 0.3611, 0.3121, 0.2838, 0.2628, 0.2460, 0.2311, 0.2191, 0.2057, 0.1958, 0.1838, 0.1738, 0.1643, 0.1558, 0.1472, 0.1382, 0.1293, 0.1217, 0.1142, 0.1070, 0.1000, 0.0921, 0.0860, 0.0800, 0.0739, 0.0680, 0.0625, 0.0572, 0.0522, 0.0473, 0.0434, 0.0398, 0.0366, 0.0335, 0.0294, 0.0270, 0.0243, 0.0219, 0.0199, 0.0183]
Train Accuracies: [81.72, 86.72, 88.44, 89.45, 90.35, 90.84, 91.50, 91.85, 92.46, 92.68, 93.18, 93.55, 93.91, 94.23, 94.54, 94.91, 95.30, 95.51, 95.84, 96.18, 96.39, 96.72, 96.94, 97.11, 97.40, 97.60, 97.83, 98.10, 98.21, 98.48, 98.63, 98.70, 98.83, 98.96, 99.01, 99.14, 99.31, 99.43, 99.48, 99.56]
Test Losses: [0.4902, 0.3808, 0.3378, 0.3200, 0.3097, 0.3045, 0.3006, 0.2946, 0.2881, 0.2903, 0.2779, 0.2788, 0.2782, 0.2829, 0.2947, 0.2923, 0.3052, 0.3259, 0.3298, 0.3546, 0.3416, 0.3577, 0.3551, 0.3734, 0.3792, 0.4035, 0.4043, 0.4175, 0.4271, 0.4423, 0.4610, 0.4715, 0.4725, 0.4840, 0.4874, 0.4991, 0.5084, 0.5285, 0.5415, 0.5279]
Test Accuracies: [81.94, 85.83, 87.42, 88.33, 88.68, 89.01, 88.85, 89.35, 89.56, 89.62, 89.94, 90.27, 89.96, 89.91, 89.95, 90.05, 89.88, 89.64, 89.88, 89.70, 89.96, 89.71, 90.13, 90.18, 89.73, 89.89, 89.77, 89.73, 89.79, 89.77, 89.99, 90.05, 89.99, 90.00, 89.92, 89.84, 89.79, 89.78, 89.77, 89.79]

CIFAR-10 Model with SAM Results:
Train Losses: [2.1653, 1.7689, 1.4646, 1.2323, 1.0215, 0.8462, 0.6987, 0.5767, 0.4760, 0.4040, 0.3427, 0.2878, 0.2538, 0.2131, 0.1878, 0.1709, 0.1837, 0.1633, 0.1406, 0.1081, 0.1307, 0.1251, 0.1035, 0.1114, 0.0952, 0.1050, 0.0950, 0.0843, 0.0776, 0.0774, 0.0704, 0.0654, 0.0564, 0.0593, 0.0597, 0.0575, 0.0557, 0.0765, 0.0675, 0.0606]
Train Accuracies: [17.78, 36.21, 47.33, 57.28, 65.55, 72.27, 77.48, 81.94, 85.55, 88.16, 90.38, 92.12, 93.31, 94.65, 95.36, 95.84, 95.64, 96.14, 96.87, 97.73, 97.06, 97.24, 97.83, 97.59, 97.94, 97.73, 97.97, 98.21, 98.38, 98.29, 98.53, 98.57, 98.74, 98.70, 98.71, 98.35, 98.50, 98.64]
Test Losses: [2.0286, 1.6209, 1.3401, 1.2386, 1.0471, 0.9701, 0.9801, 0.9932, 0.9542, 0.9617, 0.9761, 0.9649, 1.0030, 1.0314, 1.0396, 1.0221, 1.0679, 1.1140, 1.0781, 1.0914, 1.1090, 1.1201, 1.0721, 1.1169, 1.1419, 1.1086, 1.0624, 1.1231, 1.0816, 1.0626, 1.0932, 1.1091, 1.1443, 1.1586, 1.1857, 1.1382, 1.1151, 1.1085]
Test Accuracies: [26.14, 40.13, 51.73, 55.69, 63.14, 66.69, 67.43, 68.05, 70.11, 71.02, 71.22, 71.08, 71.24, 71.14, 71.58, 71.54, 70.17, 71.44, 71.58, 71.40, 71.36, 72.00, 71.88, 71.61, 71.12, 71.97, 72.02, 71.38, 71.84, 71.99, 72.33, 71.84, 72.57, 72.12, 72.03, 72.22, 72.28, 72.44]

CIFAR-10 Model with SAM Optimized Results:
Train Losses: [1.9170, 1.5742, 1.2570, 1.0297, 0.8177, 0.6538, 0.5051, 0.3887, 0.3001, 0.2353, 0.1770, 0.1197, 0.1283, 0.0722, 0.0591, 0.0520, 0.0536, 0.0373, 0.0261, 0.0252, 0.0424, 0.0195, 0.0205, 0.0165, 0.0240, 0.0187, 0.0104, 0.0113, 0.0097, 0.0081, 0.0054, 0.0065, 0.0053, 0.0095, 0.0109, 0.0047, 0.0041]
Train Accuracies: [28.26, 43.10, 54.97, 64.63, 72.29, 78.13, 83.55, 87.43, 90.46, 92.77, 94.59, 96.55, 96.23, 97.95, 98.35, 98.52, 98.56, 99.00, 99.33, 99.31, 98.86, 99.49, 99.48, 99.59, 99.39, 99.52, 99.75, 99.85, 99.78, 99.82, 99.87, 99.85, 99.73, 99.75, 99.72, 99.75, 99.90, 99.92]
Test Losses: [3.9584, 1.5262, 1.2901, 1.1792, 1.0546, 1.0634, 1.0514, 1.0781, 1.0544, 1.1225, 1.2035, 1.1712, 1.4878, 1.2660, 1.2946, 1.3455, 1.3259, 1.3167, 1.3086, 1.3534, 1.2067, 1.3738, 1.3495, 1.3937, 1.3618, 1.3905, 1.4163, 1.3983, 1.3936, 1.3564, 1.4112, 1.3756, 1.4099, 1.4793, 1.4271, 1.4513]
Test Accuracies: [29.17, 45.26, 54.03, 59.07, 65.09, 65.74, 66.49, 67.41, 68.81, 68.91, 67.71, 70.16, 66.92, 70.06, 70.05, 70.13, 69.95, 70.40, 71.30, 71.18, 69.67, 71.85, 70.36, 71.58, 70.67, 71.43, 71.94, 71.68, 71.59, 72.20, 71.67, 72.08, 71.17, 71.61, 71.90, 72.25]

CIFAR-10 Model with SAM Hessian Results:
Train Losses: [1.8446, 1.4709, 1.1801, 0.9660, 0.7742, 0.6137, 0.4948, 0.3801, 0.3043, 0.2344, 0.1818, 0.1369, 0.1266, 0.0820, 0.0761, 0.0767, 0.0670, 0.0503, 0.0294, 0.0207, 0.0328, 0.0200, 0.0361, 0.0125, 0.0328, 0.0200, 0.0099, 0.0123, 0.0103, 0.0066, 0.0053, 0.0044, 0.0037, 0.0089, 0.0091, 0.0042, 0.0025]
Train Accuracies: [32.14, 47.08, 58.45, 67.05, 73.90, 79.62, 83.87, 87.80, 90.30, 92.73, 94.37, 95.83, 96.14, 97.62, 97.82, 97.73, 98.13, 98.64, 99.21, 99.44, 98.31, 99.44, 98.95, 99.69, 99.07, 99.44, 99.73, 99.68, 99.73, 99.85, 99.88, 99.90, 99.76, 99.90, 99.92, 99.95]
Test Losses: [1.8044, 1.4473, 1.2441, 1.1942, 1.0511, 1.0798, 1.0038, 1.0496, 1.1148, 1.0496, 1.1449, 1.2002, 1.2743, 1.3194, 1.2380, 1.2512, 1.3001, 1.3381, 1.3213, 1.4201, 1.3476, 1.4201, 1.3675, 1.4570, 1.3665, 1.4428, 1.4737, 1.4328, 1.4623, 1.4713, 1.4574, 1.4852, 1.4516, 1.5322, 1.4769, 1.5073]
Test Accuracies: [36.51, 47.49, 54.98, 59.50, 64.54, 65.49, 68.48, 67.71, 68.11, 68.11, 69.79, 69.19, 69.66, 69.85, 70.18, 70.57, 69.79, 70.57, 71.09, 70.70, 70.94, 70.71, 70.18, 71.50, 70.68, 70.71, 71.54, 71.73, 71.26, 71.80, 72.30, 71.90, 71.69, 71.77, 72.01, 72.19]
