CIFAR-10 Model with SGD Results:
Train Losses: [1.9275, 1.7461, 1.5783, 1.3659, 1.1959, 1.1027, 0.9750, 0.8721, 0.8060, 0.7002, 0.6313, 0.5722, 0.5218, 0.4790, 0.4185, 0.3653, 0.3505, 0.3347, 0.3401, 0.2504, 0.2129, 0.2102, 0.1898, 0.1574, 0.1389, 0.1292, 0.1219, 0.1157, 0.1575, 0.0948, 0.0995, 0.0856, 0.2021, 0.1123, 0.0836, 0.0669, 0.0637, 0.1064, 0.0959, 0.0631]
Train Accuracies: [28.73, 34.68, 40.94, 49.85, 56.70, 60.98, 65.53, 69.57, 72.18, 76.35, 78.85, 81.06, 82.81, 84.18, 86.53, 88.30, 88.93, 89.52, 89.32, 92.40, 93.60, 93.79, 94.51, 95.62, 96.15, 96.58, 96.70, 96.95, 95.60, 97.60, 97.47, 97.93, 94.21, 96.99, 97.97, 98.36, 98.41, 97.17, 97.56, 98.44]
Test Losses: [1.6839, 1.7205, 1.5590, 1.3713, 1.1978, 1.1181, 1.0145, 0.9380, 0.8908, 0.8147, 0.7765, 0.7638, 0.7465, 0.7414, 0.7318, 0.7357, 0.7497, 0.7623, 0.7672, 0.7848, 0.7960, 0.8208, 0.8230, 0.8357, 0.8672, 0.8743, 0.8662, 0.8994, 0.8896, 0.9247, 0.9546, 0.9478, 0.8975, 0.9410, 0.9493, 1.0039, 0.9912, 0.9312, 0.9467, 1.0054]
Test Accuracies: [38.82, 35.21, 41.24, 49.56, 56.41, 60.25, 64.33, 67.32, 69.26, 72.16, 73.83, 74.52, 75.15, 75.53, 76.33, 76.63, 76.39, 76.09, 76.08, 76.65, 76.74, 76.62, 76.45, 76.70, 76.60, 76.51, 76.67, 76.23, 75.88, 76.49, 76.09, 75.96, 75.23, 75.69, 76.11, 76.20, 76.23, 76.43, 76.31, 76.24]

CIFAR-10 Model with Adam Results:
Train Losses: [1.9916, 1.7828, 1.6180, 1.4633, 1.3283, 1.1948, 1.0908, 0.9850, 0.9030, 0.8257, 0.7805, 0.7301, 0.6710, 0.6173, 0.5482, 0.5597, 0.5101, 0.5309, 0.4164, 0.3743, 0.3643, 0.3117, 0.3213, 0.2617, 0.2393, 0.2502, 0.2189, 0.2231, 0.2408, 0.1729, 0.2065, 0.3277, 0.2753, 0.1772, 0.1172, 0.1186, 0.2140, 0.2012, 0.1178, 0.1028]
Train Accuracies: [23.61, 32.98, 40.01, 46.57, 52.35, 57.71, 61.78, 66.19, 69.27, 71.96, 74.00, 75.88, 77.76, 79.58, 82.14, 81.93, 83.47, 82.86, 86.61, 87.97, 88.42, 90.15, 89.84, 91.73, 92.54, 92.37, 93.33, 93.18, 92.68, 94.92, 93.86, 90.22, 91.61, 94.76, 96.55, 96.60, 93.62, 94.03, 96.64, 97.09]
Test Losses: [1.9305, 1.8155, 1.6456, 1.6101, 1.3960, 1.3274, 1.2061, 1.1909, 1.0053, 0.9401, 0.9014, 0.9547, 0.9267, 0.9718, 0.8950, 1.1625, 0.8664, 0.8607, 0.8349, 0.9034, 0.9362, 0.9531, 0.9318, 1.0338, 0.9144, 0.9787, 1.0309, 1.4672, 0.9979, 1.0293, 0.9632, 0.9118, 1.0305, 1.0076, 1.1537, 1.1334, 1.1409, 1.1778, 1.0637, 1.1703]
Test Accuracies: [27.04, 32.51, 39.49, 42.50, 51.08, 54.29, 56.98, 60.60, 66.25, 68.61, 70.34, 69.25, 70.07, 68.57, 71.33, 62.95, 72.69, 72.92, 74.71, 73.77, 72.77, 73.28, 74.38, 73.23, 75.43, 74.66, 74.02, 65.78, 75.12, 74.90, 75.33, 73.07, 73.83, 74.61, 74.60, 73.67, 71.99, 72.74, 75.24, 75.20]

CIFAR-10 Model with SAM Results:
Train Losses: [1.9372, 1.7278, 1.5193, 1.3373, 1.2316, 1.0990, 0.9776, 0.9481, 0.8003, 0.7265, 0.6657, 0.6176, 0.5912, 0.5154, 0.4701, 0.4810, 0.4385, 0.4464, 0.3427, 0.3009, 0.3125, 0.2947, 0.2346, 0.2232, 0.2054, 0.1967, 0.1957, 0.2705, 0.1570, 0.1753, 0.1535, 0.3121, 0.1850, 0.1470, 0.1282, 0.1313, 0.1999, 0.1938, 0.1165, 0.1000]
Train Accuracies: [27.34, 35.52, 44.30, 51.55, 56.37, 61.28, 66.02, 67.35, 72.75, 75.60, 77.64, 79.64, 80.42, 83.19, 84.72, 84.50, 85.91, 85.75, 89.24, 90.68, 90.26, 90.85, 92.95, 93.46, 94.06, 94.19, 94.22, 91.78, 95.54, 95.01, 95.81, 90.51, 94.67, 95.88, 96.52, 96.43, 94.14, 94.41, 96.85, 97.46]
Test Losses: [1.8161, 1.5999, 1.4245, 1.2461, 1.1596, 1.0315, 0.9579, 0.9351, 0.8327, 0.7944, 0.7677, 0.7534, 0.7409, 0.7362, 0.7410, 0.7491, 0.7589, 0.7635, 0.7804, 0.7989, 0.8095, 0.8256, 0.8366, 0.8482, 0.8643, 0.8575, 0.8918, 0.8829, 0.9010, 0.9450, 0.9366, 0.8879, 0.9304, 0.9395, 0.9921, 0.9878, 0.9272, 0.9398, 1.0096, 1.0411]
Test Accuracies: [32.59, 39.81, 47.16, 54.60, 58.47, 63.76, 66.56, 67.44, 71.39, 72.81, 74.25, 74.78, 75.56, 75.98, 76.13, 75.91, 76.48, 75.81, 76.18, 76.09, 76.62, 76.03, 76.36, 76.97, 76.46, 76.43, 76.04, 75.63, 76.38, 76.13, 75.97, 74.91, 75.69, 76.14, 76.24, 76.08, 75.96, 76.35, 75.94, 76.20]

MNIST Model with SGD Results:
Train Losses: [2.2821, 0.0680, 0.0371, 0.0253, 0.0186, 0.0142, 0.0109, 0.0084, 0.0069, 0.0057, 0.0046, 0.0037, 0.0031, 0.0027, 0.0021, 0.0023, 0.0015, 0.0014, 0.0012, 0.0009, 0.0005, 0.0010, 0.0005, 0.0002, 0.0010, 0.0004, 0.0012, 0.0004, 0.0002, 0.0001, 0.0000, 0.0000, 0.0000, 0.0000, 0.0000, 0.0000, 0.0000, 0.0021, 0.0004, 0.0000]
Train Accuracies: [21.79, 97.92, 98.92, 99.32, 99.53, 99.67, 99.76, 99.83, 99.86, 99.89, 99.92, 99.94, 99.95, 99.96, 99.96, 99.97, 99.98, 99.98, 99.98, 99.98, 99.99, 99.98, 99.99, 100.00, 99.98, 100.00, 99.98, 100.00, 100.00, 99.99, 100.00, 100.00, 100.00, 100.00, 100.00, 100.00, 100.00, 99.97, 100.00, 100.00]
Test Losses: [2.2270, 0.0566, 0.0360, 0.0293, 0.0263, 0.0247, 0.0236, 0.0227, 0.0232, 0.0232, 0.0244, 0.0234, 0.0244, 0.0268, 0.0252, 0.0242, 0.0272, 0.0269, 0.0284, 0.0285, 0.0287, 0.0300, 0.0323, 0.0301, 0.0313, 0.0335, 0.0286, 0.0326, 0.0344, 0.0371, 0.0391, 0.0401, 0.0411, 0.0455, 0.0304, 0.0341]
Test Accuracies: [40.92, 98.19, 98.69, 98.91, 99.12, 99.16, 99.17, 99.21, 99.16, 99.26, 99.20, 99.21, 99.23, 99.12, 99.23, 99.19, 99.16, 99.18, 99.12, 99.15, 99.25, 99.21, 99.20, 99.21, 99.21, 99.23, 99.18, 99.20, 99.17, 99.25, 99.29, 99.29, 99.27, 99.16, 99.26]

MNIST Model with Adam Results:
Train Losses: [0.3513, 0.0653, 0.0437, 0.0336, 0.0278, 0.0227, 0.0190, 0.0157, 0.0146, 0.0132, 0.0104, 0.0099, 0.0077, 0.0076, 0.0092, 0.0057, 0.0068, 0.0063, 0.0050, 0.0043, 0.0040, 0.0021, 0.0075, 0.0029, 0.0008, 0.0098, 0.0031, 0.0005, 0.0004, 0.0055, 0.0052, 0.0010, 0.0004, 0.0000, 0.0000, 0.0000, 0.0124, 0.0038, 0.0007, 0.0000]
Train Accuracies: [89.42, 97.98, 98.64, 98.92, 99.10, 99.30, 99.40, 99.53, 99.55, 99.60, 99.67, 99.67, 99.75, 99.77, 99.69, 99.82, 99.78, 99.80, 99.83, 99.86, 99.89, 99.93, 99.74, 99.91, 99.98, 99.67, 99.91, 99.99, 99.99, 99.83, 99.84, 99.98, 99.99, 100.00, 100.00, 100.00, 99.66, 99.88, 99.98, 100.00]
Test Losses:

MNIST Model with sam Results:
Train Losses: [0.1562, 0.0818, 0.0615, 0.0509, 0.0433, 0.0373, 0.0338, 0.0309, 0.0288, 0.0262, 0.0242, 0.0223, 0.0226, 0.0197, 0.0207, 0.0186, 0.0176, 0.0168, 0.0200, 0.0161, 0.0169, 0.0133, 0.0187, 0.0140, 0.0092, 0.0190, 0.0103, 0.0085, 0.0059, 0.0199, 0.0139, 0.0078, 0.0049, 0.0036, 0.0030, 0.0034, 0.0031, 0.0230, 0.0113, 0.0095]
Train Accuracies: [95.39, 97.55, 98.13, 98.44, 98.69, 98.78, 98.95, 99.03, 99.06, 99.14, 99.19, 99.24, 99.26, 99.30, 99.29, 99.33, 99.38, 99.41, 99.33, 99.41, 99.40, 99.53, 99.37, 99.47, 99.63, 99.41, 99.59, 99.66, 99.75, 99.36, 99.51, 99.68, 99.78, 99.84, 99.87, 99.84, 99.87, 99.27, 99.59, 99.66]
Test Losses: [0.0753, 0.0413, 0.0345, 0.0292, 0.0272, 0.0251, 0.0247, 0.0236, 0.0242, 0.0255, 0.0246, 0.0266, 0.0280, 0.0255, 0.0244, 0.0280, 0.0281, 0.0287, 0.0287, 0.0288, 0.0302, 0.0334, 0.0307, 0.0317, 0.0337, 0.0269, 0.0328, 0.0360, 0.0375, 0.0286, 0.0304, 0.0351, 0.0364, 0.0394, 0.0401, 0.0411, 0.0458, 0.0308, 0.0342, 0.0347]
Test Accuracies: [97.68, 98.58, 98.85, 98.97, 99.04, 99.18, 99.16, 99.17, 99.18, 99.20, 99.16, 99.10, 99.10, 99.16, 99.19, 99.13, 99.12, 99.12, 99.14, 99.26, 99.18, 99.18, 99.20, 99.17, 99.21, 99.20, 99.20, 99.18, 99.15, 99.18, 99.27, 99.14, 99.26, 99.27, 99.29, 99.29, 99.26, 99.16, 99.27, 99.29]
